,East_North_Central,East_South_Central,Mid_Atlantic,Mountain,New_England,Pacific,South_Atlantic,West_North_Central,West_South_Central
p31039,0.04368061947612712,0.0033248936197746728,0.0001901947337590484,0.050912088792619735,5.299817029951539e-06,2.8949093009804214e-05,0.0002786487352583702,0.8830413538823598,0.018537951850061293
p31109,0.052126856908369226,0.005617231907748305,0.00016966891616263357,0.04968397811383758,4.714919385122864e-06,1.9550045044094012e-05,0.0004151474537886463,0.8485144829262707,0.043448368809393415
p31129,0.024623407307372155,0.0035367662974333607,7.298242518228634e-05,0.09528342058442718,2.0392330495083077e-06,3.501161122872595e-05,0.00026852901100956787,0.8093740826686907,0.0668037608616065
p31101,0.00269906781122835,0.00030176972930913215,8.824483901662048e-06,0.42479616855019076,2.447271740593534e-07,0.00017818452331216139,2.2957598416785977e-05,0.551682925562241,0.02030985701422609
p31137,0.011086474039882261,0.001519672828166714,3.4962613477846636e-05,0.1855531507991309,9.704791462321584e-07,6.844710089475855e-05,0.00011572977556168536,0.7537539307226747,0.04786666164106501
p31181,0.018955387520507665,0.0027764634978042053,5.6416744980659955e-05,0.11895823232492403,1.576018338128014e-06,4.315009045259368e-05,0.00021186691651304445,0.7934812522452982,0.06551565464118153
p31043,0.06139197159521551,0.0028181537223160983,0.00021762867319887087,0.04479791813589547,6.4598919438553354e-06,2.9584207737237358e-05,0.000277151618765969,0.8777854871261692,0.01267564502875784
p31015,0.0291225252366241,0.0008600711109479631,6.665046229265734e-05,0.13928514698924976,2.1879416465256584e-06,9.207361547587853e-05,7.822778208599783e-05,0.8225354333411148,0.007957683520562427
p31171,0.007841197339541917,0.0005309396595574715,2.2257279801969e-05,0.24999010771072822,6.567809641984008e-07,0.00014478778579162923,3.9470012280762134e-05,0.7261338987078948,0.015296684723439079
p31089,0.024751784131649992,0.0010746690589127042,6.657359783794926e-05,0.12239759794427948,2.0532421825664452e-06,8.416246925530083e-05,8.741861789365739e-05,0.8400000978316269,0.011535643106361359
p31017,0.013895675041637048,0.0006269735250964571,3.475622688748989e-05,0.18236211936843538,1.0842336857660336e-06,0.00013652237700974325,4.6740239489510535e-05,0.7917801930814402,0.011115935906318397
p31103,0.017592750314831457,0.0005523157138836349,3.8573794793824015e-05,0.20123582714432026,1.2756349895311078e-06,0.0001359502991723601,4.6433860764324124e-05,0.7727878842937143,0.0076089889435304115
p31007,0.0011984121278457056,9.733051382638958e-05,3.09443381784901e-06,0.4478388806502769,9.19415913926102e-08,0.0005209445574772007,7.445230307568981e-06,0.5355937063821089,0.01474009416274808
p31077,0.017899338754510004,0.0017567572294124977,7.093493889871237e-05,0.1233550238161011,1.945503680759796e-06,5.616039498385002e-05,0.00012981532398079134,0.8336949822042,0.02303504183423219
p31095,0.04068795530258983,0.005581449864333394,0.00011969810433514647,0.0599355330268775,3.3434451332005797e-06,2.2534441928043047e-05,0.0004199103449904362,0.8250611032832905,0.06816847218652204
p31151,0.0412625610219798,0.005002161066404103,0.00012776918740879737,0.06174889001149252,3.564016366290769e-06,2.3449518375489298e-05,0.0003728779374201082,0.8387671459053817,0.052691581335171184
p31057,0.0022796538461197554,0.0003775675192268614,7.024455530528292e-06,0.4308081610095902,1.9508558107575788e-07,0.00014507253092613178,2.8963378778483266e-05,0.5232831606585447,0.04307020151570227
p31157,0.0013405060234303952,8.993309342628244e-05,3.2145755223702928e-06,0.44902299308814053,9.865822185700999e-08,0.0005364316508891923,6.8262796440255825e-06,0.5373478977495669,0.011652098881158564
p31001,0.019238660132894558,0.0025198125800932445,6.025751335665268e-05,0.12207705987869423,1.6764450960552111e-06,4.5623944601370444e-05,0.00019017376799830536,0.8052999692622729,0.05056676647499285
p31131,0.06971203030231034,0.007518697338560696,0.000219708821788523,0.0363873538767472,6.127551197904157e-06,1.418073991675781e-05,0.0005550151947498114,0.8378648314207517,0.047722054753977027
p31099,0.014753991965605368,0.001984730411597011,4.6267795992277275e-05,0.15037337347685478,1.2862425254791378e-06,5.5755568434322416e-05,0.00015048276626473164,0.7827650308594479,0.04986908091327812
p31087,0.0036750538680861396,0.0005962984565654195,1.1233403310627807e-05,0.34848669550337047,3.126147670946607e-07,0.00011866686445005592,4.574186334969158e-05,0.5977093433900043,0.04935665403609608
p31105,0.0010318142480912201,0.00010510389378971218,2.9085913406666246e-06,0.45199367160911197,8.340714800209551e-08,0.0004945608489141312,8.074362608824939e-06,0.5273128302305751,0.019050952808420413
p31127,0.0806822967962531,0.009355211465468456,0.00024185284185360376,0.03026217637169884,6.75733172506613e-06,1.1472903395651236e-05,0.0006917057909138089,0.8213030668380525,0.05744545966063882
p31041,0.009143485904694038,0.0009760131568364661,3.367375028240518e-05,0.21251483952404535,9.235454378360613e-07,9.11846790930806e-05,7.28899321959932e-05,0.7532762291512247,0.023890760356190113
p31025,0.0683411224729142,0.006755413301650229,0.00022912070086288883,0.03737938708448209,6.356312796156936e-06,1.4982046907871447e-05,0.0004979836961221907,0.8474755904346902,0.039300043949574266
p31143,0.031554343634985126,0.0032191611241497945,0.00011402244474944672,0.07985516502908566,3.1162725722093266e-06,3.289554683431371e-05,0.00023784073002181626,0.8531822694186216,0.03180118579898004
p31045,0.0023535762101102604,9.195914637722222e-05,4.7307349894522996e-06,0.440778534638671,1.613491467838941e-07,0.00047616088209584894,6.843999097507841e-06,0.5501562309658726,0.0061318020736393225
p31179,0.04541268672332407,0.002507184754914992,0.00016270747505565565,0.056254757579636216,4.742373281059766e-06,3.689841101767567e-05,0.00022093827162476793,0.8807220714965494,0.014678012914596179
p31071,0.017383074824585933,0.001219019055357884,5.6609305820398004e-05,0.14143388606122775,1.6317733051361856e-06,7.747612861837809e-05,8.996258622934642e-05,0.8224386920534189,0.01729964821143629
p31055,0.06504803765171016,0.005694391598156349,0.00024296527785662162,0.03818962129192925,6.6440828628516445e-06,1.7167412034707294e-05,0.00042262478898158674,0.8609078326127149,0.029470715283753616
p31139,0.03859747054961043,0.00199798795666405,0.00012645498502502126,0.06966086907793421,3.7393566799363973e-06,4.700871146031477e-05,0.00017077936253100034,0.8754259303081428,0.013969759691952502
p31141,0.03101956681655656,0.0028246912078496653,0.00012373594584451895,0.07656618789381266,3.3480423633244077e-06,3.624873267607404e-05,0.0002082221130120613,0.865384248717746,0.023833750530139263
p31013,0.002321577052401476,0.00012390027833781805,5.239927183511779e-06,0.37248918041471984,1.6614182929291863e-07,0.0004645523464455837,9.306630947172833e-06,0.6144297329655614,0.0101563442425739
p31173,0.05466041544302628,0.00323447302758971,0.00021904769303788968,0.04296567561928036,6.286258111429047e-06,2.762741999467376e-05,0.0002980719698020851,0.8832659985082436,0.015322404060914214
p31011,0.02348352967208534,0.0020756876265411645,9.32911172068694e-05,0.09796058674675807,2.5829592109032087e-06,4.8538276640003875e-05,0.00015304172587155817,0.8550232284241098,0.021159513451576236
p31119,0.03198374479434623,0.002347993770925019,0.00012318322705516448,0.07566930187354831,3.4767187134611337e-06,4.223385220338025e-05,0.0001827361595741506,0.8713620335717333,0.01828529603190111
p31117,0.004858805622812088,0.00042302717429229894,1.4841503895731748e-05,0.32637712625089127,4.241398319110152e-07,0.00016023760217439876,3.178543217872266e-05,0.650178727773448,0.01795502450047559
p31145,0.00545673171166564,0.0008675786847811283,1.6570225502121966e-05,0.28287599842299965,4.617396183778211e-07,9.723483149405063e-05,6.658410962685241e-05,0.656314672902121,0.05430416737219132
p31149,0.01766385164807284,0.0007974429686245706,4.575668154869905e-05,0.15498449228067546,1.416892140407164e-06,0.00011136112101500067,6.125084988994179e-05,0.8148319575040188,0.011502470054014438
p31073,0.008516169065201126,0.0011853477400094424,2.7010364016780336e-05,0.2218817111388739,7.482324796133606e-07,8.146745780421747e-05,9.063463241106698e-05,0.7224144176418364,0.04580249372736746
p31067,0.052143910159698714,0.006736634496668216,0.00015443585837608125,0.047464029559171964,4.3142875433547846e-06,1.7610497714644762e-05,0.0005034588573429572,0.8289579472237902,0.06401765905969384
p31047,0.008571090260460318,0.0010813615483369942,2.9050986864149222e-05,0.22454111510643243,7.959130256400053e-07,8.669070745737159e-05,8.178531067050572e-05,0.7305862082865526,0.035021901880199845
p31005,0.003424987792894174,0.0002915526830001154,9.964646176104918e-06,0.37281043117238627,2.8765873523221047e-07,0.000207814353480525,2.1989530039315026e-05,0.6065489965920657,0.016683975571222604
p31085,0.003688639899682205,0.0005372753617934505,1.1894791979361183e-05,0.35576520295359343,3.2770921180545365e-07,0.00012878801491971885,4.1281612687212454e-05,0.6020299399985447,0.03779664965758816
p31097,0.06536145604419924,0.007813075109699343,0.00019662165939073975,0.038149855384292976,5.4938698220129164e-06,1.4398052487379623e-05,0.0005794416854728364,0.8300488887087264,0.05783076948590898
p31003,0.030298912873631675,0.0016987477473130838,9.776495399706111e-05,0.08819690470067959,2.8756071544952034e-06,5.664647581055559e-05,0.0001362708711335878,0.8647329027531786,0.014778974017101536
p31165,0.00158297923206331,7.182876449757107e-05,3.280574078612942e-06,0.45789497449513694,1.0922276137109472e-07,0.0005920893320616066,5.388468340682554e-06,0.5328482753823185,0.0070010745287413445
p31111,0.004601001647056661,0.0005768197195292996,1.6265340922775614e-05,0.32274268449288923,4.4238291908897083e-07,0.0001269349340378992,4.3747214231127954e-05,0.6450459531672484,0.02684615110116535
p31163,0.014173678875257204,0.001563885374060204,5.1619332404106046e-05,0.15611313597625065,1.4041840190627092e-06,6.41877837217498e-05,0.00011654557327201165,0.7988963217718767,0.029019221129138396
p31113,0.006711988327626334,0.0005985242976983234,2.154265458412632e-05,0.2732950791871804,6.09906605156868e-07,0.0001280460769801485,4.4788850036548046e-05,0.6998194275084254,0.019379993190863525
p31121,0.024420054182446464,0.0025833603169922938,8.777675484000031e-05,0.10073030662853942,2.397047566129868e-06,4.1219900162569646e-05,0.0001914011712618893,0.8401905317351789,0.031752952263012335
p31161,0.003491052863544976,0.00015454992436622435,7.560561033995777e-06,0.3744789030261217,2.463061419201857e-07,0.00035222152365919814,1.1498130077038082e-05,0.6134239259549226,0.008080041710132423
p31133,0.0653966936959263,0.00863831526879448,0.00019064166395837224,0.03659525487633338,5.3065908542833344e-06,1.419111269082007e-05,0.0006447147712379334,0.818493826363129,0.07002105565707553
p31153,0.0677067779822007,0.006274240479365007,0.00024102221326538134,0.03722207430305973,6.634680207445256e-06,1.572282863102124e-05,0.00046270243828220334,0.8543093784186362,0.03376144665635227
p31075,0.004216198543262217,0.00027922384196966537,1.1041010440409787e-05,0.3170910642905194,3.3161537918427384e-07,0.00024290766174366607,2.0925164801235914e-05,0.6642288861758823,0.013909421696001836
p31021,0.055109973093782405,0.004111291761531363,0.00023928473796391421,0.04060019905707465,6.570039535546912e-06,2.2690316420161114e-05,0.00035432726145437235,0.880109327845979,0.01944633588625863
p31155,0.051311689834395734,0.004809343569394549,0.00018791837082771817,0.049436127906126615,5.143399088949225e-06,2.1180650940609778e-05,0.00035452322516351146,0.862692032480442,0.031182040563620204
p31009,0.010638765705210565,0.0007294080833091364,3.1628415593017387e-05,0.20726130384232797,9.251817113605269e-07,0.00011509332855266881,5.404684435755195e-05,0.7650292268825012,0.01613960171643659
p31051,0.057740913084744,0.0023707205268501917,0.00018610186960130287,0.05316715576091204,5.629695245165229e-06,3.509150765432306e-05,0.00023211082680437046,0.8746027921123608,0.011659484615827874
p31167,0.037455750502624466,0.0028034310402629717,0.00015334083189005193,0.06220431422534111,4.300588118825261e-06,3.5031753885119584e-05,0.00022610934470086724,0.8786806039112129,0.01843711780196358
p31183,0.02153765854997016,0.0015305119538565114,7.374384156957325e-05,0.11589148739068722,2.110820643582022e-06,6.367295508278517e-05,0.00011284359258973239,0.8430684645360698,0.017719506359530537
p31061,0.014479707698345208,0.0021585824268141782,4.327996350752249e-05,0.14739022855282996,1.208673853927593e-06,5.272207140223192e-05,0.00016557539609084158,0.7719326891537456,0.06377600606341036
p31053,0.04860198806781835,0.004099856070535916,0.00019598361615558217,0.04931326773749696,5.308828268096365e-06,2.421394297664851e-05,0.00031560152495191147,0.8735042774219366,0.023939502789859922
p31029,0.002303723249474168,0.00034402635212889065,7.485346825973345e-06,0.4369087407317768,2.057288658981716e-07,0.00015683003126559827,2.6405854948228988e-05,0.5272483928009155,0.033004189903798914
p31019,0.013631507060714382,0.0016664716299433441,4.579465090565427e-05,0.16251694724557395,1.2583962422272977e-06,6.306068623427588e-05,0.00012535609489325544,0.7839884368085484,0.037961167426944616
p31059,0.03217426195903571,0.004008274333152564,9.998979702921453e-05,0.07810376330980925,2.7870966689069687e-06,2.9505716717648077e-05,0.0003002372087373693,0.8329868796049982,0.05229430097385104
p31185,0.03188566228483175,0.0035651196411198892,0.00010646868818336928,0.08015668704923434,2.940317010273812e-06,3.158867491202832e-05,0.00026471134756445464,0.8437099887377706,0.04027683325937307
p31159,0.040856698421417585,0.0044274223175758045,0.00013606620068046694,0.0634351194133336,3.7648189654890387e-06,2.5099040158327562e-05,0.00032767744280140504,0.8501842093564796,0.04060394298858748
p31035,0.024933575363636586,0.0031890050856639473,7.778024141550895e-05,0.09810383513564838,2.1661109989041126e-06,3.6861840750962344e-05,0.0002397673133711364,0.8218325602400595,0.05158444866845492
p31033,0.00145290061744185,0.00014976195943741617,4.2669188735866185e-06,0.4475996781718835,1.212109641244541e-07,0.0003437497963633831,1.150590677360575e-05,0.5311358075482181,0.019302207870044424
p31069,0.002623809583844502,0.00021134061648690872,7.203634237209626e-06,0.37365056814780995,2.1118326448931444e-07,0.00029123571703931826,1.5987354124809393e-05,0.607145713916495,0.016053929846697738
p31083,0.010973495582464054,0.0016659516628181271,3.294649895135976e-05,0.18098502048815263,9.196884213162109e-07,6.376550950770906e-05,0.00012814012184508505,0.7446202202942126,0.06152954015362728
p31177,0.06076211384890728,0.004984452675616501,0.0002429955697573287,0.039390545452673106,6.595968550914048e-06,1.930596968634094e-05,0.00039461947319196946,0.869475036824707,0.0247243342169097
p31091,0.00575877946379146,0.00038510723189279927,1.567369157301952e-05,0.28944201411855186,4.6662747452778616e-07,0.00018494328375945996,2.8735627418196382e-05,0.6897029193893118,0.014481360566226975
p31147,0.08503301652083331,0.010865044663816525,0.00024723955861370993,0.027314295615114892,6.864988285475965e-06,1.0709497634375358e-05,0.0008064812891523353,0.8063740647060695,0.06934228316048
p31065,0.007943815992302181,0.0012339798566767509,2.3975942134879802e-05,0.22531736492623006,6.688062315900474e-07,7.817927929740175e-05,9.47998861583157e-05,0.7068270688437407,0.05848014646722802
p31093,0.018534116515428647,0.0019926216580947826,6.747464126370858e-05,0.12644639689946024,1.837624989556851e-06,5.209385743343599e-05,0.00014797951513008322,0.822869016501383,0.02988846278681656
p31175,0.01448229015528208,0.0013870415792137986,5.427744058540349e-05,0.15149139234823222,1.4999551182359396e-06,6.851221250954434e-05,0.00010272541282862585,0.8100183608039299,0.022393900092300155
p31027,0.05207071175586852,0.0019235008809932713,0.0001522402905287428,0.06551828726277395,4.70057152279526e-06,4.323309941469892e-05,0.000186242350664273,0.8694433709327578,0.010657712855475914
p31169,0.03175490637413429,0.00446272879941611,9.376267768651944e-05,0.07581131755471078,2.6196101593431995e-06,2.818987797923858e-05,0.0003372193160040738,0.8198155561372056,0.06769369965270418
p31049,0.0017891355686151912,0.00020528286407779772,5.687165440544005e-06,0.46779124652405785,1.5807150285532035e-07,0.00023090705562954443,1.5741749072194535e-05,0.5098634657883687,0.0200983752132354
p31123,0.002044939426900166,0.00015162558771955557,5.254358312189927e-06,0.3607472886045892,1.5728010987803013e-07,0.000426646688053008,1.149447214439899e-05,0.6213332929312804,0.01527930065089117
p31079,0.01912826675872418,0.002257145269801287,6.423683236798708e-05,0.12482235530441303,1.7678525591288344e-06,4.879274646358496e-05,0.00016895674992667797,0.8146133684825703,0.03889511000317376
p31081,0.025159575301717203,0.002888852181861869,8.42367211404215e-05,0.09907595972093335,2.3224264643008384e-06,3.8897899585783236e-05,0.0002152657042371607,0.8327997576940304,0.03973513235002949
p31115,0.01388049040970918,0.0009622598026794755,4.320377217919488e-05,0.1706113252601147,1.2540443952179911e-06,9.365250049553726e-05,7.112720688012872e-05,0.7975521597331557,0.01678452727039064
p31063,0.0058737431487410246,0.0008305943676434007,1.8807209842166997e-05,0.2786650123931448,5.19467067206987e-07,0.0001018328305645317,6.383713238987598e-05,0.6723361196288414,0.0421095338217655
p31125,0.024467191811484223,0.002427550326451242,9.326460918849112e-05,0.09770908038410696,2.531329660484797e-06,4.205376565123617e-05,0.00017929590512665998,0.8482918575411761,0.026787174327154568
p31107,0.040169871166458725,0.0014513801943188429,0.000108389440571553,0.08879851665308036,3.39127346566276e-06,5.880980311724966e-05,0.00013336000876207102,0.8590557473763797,0.010220534083845684
p31135,0.002398620633727217,0.0003255505806524179,8.231037000262905e-06,0.43414693604614363,2.2436285686422156e-07,0.00016428032154199067,2.5032805700962684e-05,0.5369386400108717,0.02599248420150506
p31037,0.038971564052546724,0.0034199323113434763,0.00015618397709930894,0.061588720422341724,4.227880597489409e-06,2.9687233641162744e-05,0.00025296772543060566,0.871617269659338,0.023959446737661448
p31023,0.039635402522640466,0.0038755011602824895,0.00014505104268851425,0.06396316694705255,3.964439794458712e-06,2.6749587752606622e-05,0.0002858167333825484,0.8609389063332674,0.031125441233139043
p31031,0.007652123697868097,0.0003226773930564271,1.7320855959639814e-05,0.25979297599462875,5.568014166875333e-07,0.00022760286279014858,2.385367491164845e-05,0.7227170098152155,0.009245878904153229
p53069,3.580355656446517e-07,4.5546528453127036e-09,4.001902038658215e-10,0.04378057462852247,2.8876139883225132e-11,0.9559553517309816,3.429339011799657e-10,0.0002613117831863072,2.3984950909049045e-06
p53041,5.882351413369683e-07,6.894477686056785e-09,6.508441266902384e-10,0.07076034678723017,4.808851164791712e-11,0.9287993706623175,5.223951574245524e-10,0.00043645741796791127,3.2287815374991033e-06
p53031,3.715747593966411e-07,3.2800511474956284e-09,3.9395804274468883e-10,0.04402329283475435,3.404311464688709e-11,0.9556725461282265,2.780412070080633e-10,0.0003025312141281576,1.254262037958369e-06
p53013,3.2072158176555256e-06,3.827271528801588e-08,3.6329168888881984e-09,0.3963607427100281,2.486316674151269e-10,0.6014454177970536,2.97620434036055e-09,0.0021765139038402927,1.4073242792205566e-05
p53037,1.2643609477353324e-06,1.2559792700493166e-08,1.37147589839378e-09,0.14995336807980295,1.0687135485440447e-10,0.8490675934938829,1.030054354384594e-09,0.0009731151170066202,4.643880165385012e-06
p53061,8.424014370990251e-07,6.7503089131121545e-09,8.877651078468601e-10,0.10014719463386129,7.84135742146602e-11,0.8991576267068653,6.035321828397451e-10,0.0006921731579871171,2.154779829303485e-06
p53077,1.1843447497242827e-06,1.4089666811885947e-08,1.322434770793037e-09,0.14426132789454427,9.474570552289684e-11,0.8548800630523168,1.0730940974406644e-09,0.0008512612570250541,6.1468714226855676e-06
p53047,1.834287579164422e-06,1.2381992567157238e-08,1.9129381628829927e-09,0.22107058109026875,1.7906121400100473e-10,0.777390833721926,1.2259422684416114e-09,0.0015337435751465872,2.991625145282443e-06
p53063,3.857038850376566e-06,3.1011031572415494e-08,4.11197672216962e-09,0.4558091473517721,3.35904321828412e-10,0.5411247487950273,2.8499905603327686e-09,0.0030545744621645102,7.634043282570418e-06
p53029,5.862278204127876e-07,4.643908609669411e-09,6.161483257560551e-10,0.06983137428028911,5.55069054224048e-11,0.9296820167456697,4.153418120544291e-10,0.000484487885137285,1.5291301778696737e-06
p53009,3.2018454638537e-07,2.6274926002297283e-09,3.3679823029429824e-10,0.03812974926608247,3.04009691600394e-11,0.9616044413360155,2.2962712775971875e-10,0.0002645337071815388,9.522818549911017e-07
p53065,3.3758297584777165e-06,2.23382995921875e-08,3.5266309542484647e-09,0.4044261873991027,3.2181265174152224e-10,0.5927549127491966,2.26514698404638e-09,0.0028108071863970356,4.688383654912436e-06
p53051,3.904377613111154e-06,2.444843336811933e-08,4.067491381802077e-09,0.4707208957267541,3.780278485632609e-10,0.5260037753535295,2.5943946907194136e-09,0.003266735259061429,4.65779469464403e-06
p53073,7.881677719399084e-07,5.2568309835116445e-09,8.192218326499083e-10,0.09651937425338974,8.018056019635703e-11,0.9028160592246197,5.211016613300461e-10,0.0006623615578017649,1.4101190819049896e-06
p53007,1.3218995604763723e-06,1.0818471643504973e-08,1.3994414746463922e-09,0.15664081986052833,1.200418267641313e-10,0.842280083144043,9.64652793549966e-10,0.0010744387864875544,3.323006772896343e-06
p53003,3.923149353799019e-06,4.7703108434953445e-08,4.478446083029514e-09,0.4692584352462692,3.0041892970494253e-10,0.5281037326093452,3.7053214052895725e-09,0.0026168949468974374,1.6957860839706386e-05
p53019,2.7745566461487955e-06,1.8417949116249998e-08,2.8958040818883854e-09,0.33334216674034894,2.6727536829223996e-10,0.6643356391715759,1.8572811390340852e-09,0.002315341808028611,4.054285090680331e-06
p53017,1.8793690087598756e-06,1.5578562176347193e-08,1.9971101884778e-09,0.22233664190093932,1.6751607384419368e-10,0.7761449784929755,1.3896394246639703e-09,0.0015118885709964763,4.5925332520755236e-06
p53005,1.8798796584705515e-06,2.3397655777650915e-08,2.12870171454828e-09,0.23244629859001306,1.4668775757374618e-10,0.766250090094966,1.766500109251012e-09,0.0012918007216921594,9.903274124814517e-06
p53023,3.5806922197298825e-06,4.0763771666353266e-08,4.02775395120431e-09,0.4386553041259539,2.797801451190633e-10,0.5588748581186904,3.239352016881393e-09,0.0024522007860113843,1.4007966466831103e-05
p53033,7.918199401925578e-07,7.2972171621429515e-09,8.472430763768373e-10,0.0935664555309981,6.976347481912039e-11,0.9057992251679793,6.132246634174208e-10,0.000630843214653286,2.675438980792779e-06
p53049,3.13108828299925e-07,3.7356071856983425e-09,3.457658296255904e-10,0.03759418177093588,2.581962968732964e-11,0.9621687369721105,2.8064921156049944e-10,0.00023487263031182125,1.891129971723665e-06
p53039,1.1051011661378193e-06,1.5462783892954128e-08,1.2722684108682476e-09,0.13532572711411237,8.486267214766001e-11,0.8639229030676632,1.164812778742928e-09,0.0007424742593093042,7.772473021315738e-06
p53055,4.926128196606876e-07,3.5809121310208885e-09,5.139794868135762e-10,0.05946654772664581,4.882523102316077e-11,0.9401197632451679,3.3361335991588165e-10,0.0004120871948843442,1.1047431519166215e-06
p53027,3.209526292835542e-07,3.3093431480508707e-09,3.4664156441055854e-10,0.037978920827642565,2.7790387530441235e-11,0.9617671698933614,2.6206096996993405e-10,0.00025210853064207495,1.4758498884445234e-06
p53015,4.992025412466515e-07,6.486254388025535e-09,5.617436656398595e-10,0.06147728194984478,3.97425703233244e-11,0.9381614542465266,4.883659114395794e-10,0.0003573941410095593,3.3628839712934804e-06
p53071,2.6859406606800396e-06,3.30216116326859e-08,3.050561924306707e-09,0.3315887248498729,2.0796952005916e-10,0.6665748942807477,2.5259353689293544e-09,0.0018206981814453522,1.2957941194873644e-05
p53025,2.0282080445768446e-06,1.9266394058653824e-08,2.1951922610562884e-09,0.24034192927728332,1.713568006096653e-10,0.7580895080632246,1.6237412885478571e-09,0.001560144536358325,6.366658404782143e-06
p53001,2.728655439311026e-06,2.7032477273744204e-08,2.982212707000255e-09,0.3251915628625073,2.247155904595464e-10,0.6727608246600132,2.2536097368777647e-09,0.0020360740451015953,8.77728392339099e-06
p53011,5.229476014587064e-07,7.586314200719513e-09,6.014151178761093e-10,0.06437733456089748,4.042303445030935e-11,0.9352614640205085,5.733782311826533e-10,0.0003564054564429578,4.264213018907472e-06
p53043,2.8932054793487618e-06,2.4234874818372024e-08,3.0898628701930214e-09,0.34188231710292444,2.5201909317433394e-10,0.6558177169603969,2.1713104418151245e-09,0.0022903845960401416,6.658387091952976e-06
p53035,5.590310352085906e-07,5.0308841935773305e-09,5.952213360049525e-10,0.0661215671099449,5.022665678610376e-11,0.9334252446910887,4.2508034066363316e-10,0.0004507458806031895,1.8771859154960086e-06
p53075,3.689986364728893e-06,3.654223715570172e-08,4.050917554042144e-09,0.44119938183866614,2.997924471167135e-10,0.5560894913268832,3.0723082221004333e-09,0.0026963503828155546,1.1042500014992071e-05
p53045,4.3516903254830394e-07,4.235252954470761e-09,4.671947771780017e-10,0.05141295798649944,3.819434020455051e-11,0.9482394246600546,3.4494021872783463e-10,0.0003454352321752449,1.7418666559662734e-06
p53057,8.159127514308185e-07,5.895231189217794e-09,8.52309141975504e-10,0.09811580309859744,7.969099095099107e-11,0.9012006326275929,5.544901532672282e-10,0.000681033630053942,1.7073492831639577e-06
p53053,6.802802572024868e-07,7.064088696774929e-09,7.391524948680046e-10,0.08073357923503648,5.7641617078880244e-11,0.9187380301244256,5.633724680665497e-10,0.0005247683838539043,2.933552171529355e-06
p53067,4.964166439172153e-07,5.342129975945862e-09,5.410434713838474e-10,0.05901579074658785,4.1890093308930063e-11,0.9405999378464324,4.1798952557167323e-10,0.0003814007074040952,2.3679398786226872e-06
p53021,2.3858698018660886e-06,2.703217156838737e-08,2.663007996945476e-09,0.2894917352139976,1.8960275595206763e-10,0.7088058768476775,2.12831989292381e-09,0.001689833538250999,1.0136517169867287e-05
p53059,6.905317211450778e-07,9.347971974292245e-09,7.855806690884953e-10,0.0853817726689181,5.400494470906429e-11,0.9141328911007072,7.042659049123506e-10,0.000479796944756677,4.837862073294425e-06
p35011,0.00011712812985836391,0.00023472378224339966,4.471690677771547e-07,0.5370795695368921,1.0657711348976395e-08,0.001864140110136113,1.725473203452947e-05,0.04509455939365078,0.41559216648840563
p35035,2.943047457869905e-05,0.00010682390814801767,1.243928346123682e-07,0.550266175662267,2.9054818618819213e-09,0.003296566979876928,9.159295839786735e-06,0.009755601373469898,0.43653611500750317
p35003,2.1270213183177262e-05,3.5133059776538466e-05,7.27919926926412e-08,0.8378552583491609,1.7747537346551264e-09,0.02904443704644468,2.7563430977209167e-06,0.010584604025023172,0.12245646639656736
p35059,0.00036425714931987785,0.00028194389564953473,1.1601415458639234e-06,0.45582579402536183,2.9193804597399523e-08,0.0007975132503899568,1.622463614409892e-05,0.18493499945693137,0.35777807825085284
p35047,0.00016075519318917963,0.0001875495834813999,5.391430713603442e-07,0.5675144064777078,1.3278543221420194e-08,0.0024086156549305605,1.213872957632825e-05,0.07907012845642268,0.3506458534830776
p35055,0.00019582544782711375,0.00013376391310472916,5.930904110068344e-07,0.7257632302980707,1.5325078423986112e-08,0.004052138447823178,7.92116226072645e-06,0.09361844318757351,0.17622806912785055
p35017,1.2512325775797297e-05,3.2069685145550226e-05,4.7142826364886936e-08,0.8001736150743064,1.1217506903066033e-09,0.02197436193061157,2.7533410254136507e-06,0.005692560915071551,0.1721120784634866
p35007,0.00027861982072420645,0.0001941114148019169,8.565559583977443e-07,0.613637029059201,2.1929660208194448e-08,0.0019987355729590445,1.1292623008316153e-05,0.13702978797590248,0.2468495450477844
p35043,8.490112607768806e-05,8.015814729413305e-05,2.659164947567472e-07,0.7916736741869528,6.7271277627462e-09,0.010407195325214533,5.20620192736182e-06,0.04277874218958041,0.15496985017933054
p35006,3.813059290599957e-05,4.540631132697481e-05,1.2269971167872262e-07,0.835394742969441,3.0612325659820122e-09,0.0230286656224704,3.2045894453116653e-06,0.01936642947896826,0.12212329467449771
p35013,1.7433218530833102e-05,6.406876168567605e-05,7.29231395707622e-08,0.6301965728592485,1.7077791655413076e-09,0.006554197541671831,5.468879905252323e-06,0.006577567546713909,0.35658461656132534
p35021,0.0002657039784800599,0.0002762414238355891,8.876160129219894e-07,0.4941339709111551,2.1917074557894053e-08,0.0011465449066194653,1.6966689459500925e-05,0.1287812090132921,0.37537845354407073
p35023,7.460295525278476e-06,2.661480617214865e-05,2.9744203626543687e-08,0.8141715756515893,7.001762003781317e-10,0.024071791495658214,2.263047028719373e-06,0.003187794403637602,0.15853246985600902
p35053,4.076034854785513e-05,7.392782350700032e-05,1.4544675616178335e-07,0.7410295760065801,3.510694100835223e-09,0.0109624252983744,5.731492126656314e-06,0.01931675562094621,0.2285706744524675
p35028,0.00011348366576820128,0.00010233590420402885,3.551825582743954e-07,0.747039341059403,8.992123788957265e-09,0.006980397922818611,6.498860149802218e-06,0.05716992723550505,0.1885876511774692
p35033,0.00019985973315721873,0.0001814670823551067,6.381780893808521e-07,0.622949211245321,1.6016906083976e-08,0.0026634755943770088,1.1176547135746724e-05,0.10151395295963049,0.27248020264302797
p35015,5.967428178926733e-05,0.0002631834393301906,2.5917983272559076e-07,0.4125898925998801,6.008009194938099e-09,0.0014611097039455353,2.2525103458990316e-05,0.013294490597382663,0.5723088590863714
p35009,0.00021904986778294,0.0004400785453997165,8.572130630094865e-07,0.38345015103437474,2.0365698119838838e-08,0.0010225585588315806,3.106424824485015e-05,0.07111112404391393,0.543725096122691
p35041,0.0001598722225036915,0.00040786269933756653,6.651510098092653e-07,0.4089539572166224,1.5647818965930433e-08,0.0010762530075938068,3.1101991685223244e-05,0.04617247118895993,0.5431978008744686
p35045,5.730865771511773e-05,3.689355866969508e-05,1.6838406674982404e-07,0.8891484126906255,4.46553010337773e-09,0.02084836795454188,2.2694761284973674e-06,0.02539125642065095,0.06451531839207156
p35027,5.737592818264328e-05,0.00013217342648787892,2.2250122074935135e-07,0.567159269737363,5.279952179492016e-09,0.003480853701287978,1.0559199354005934e-05,0.02291804838281557,0.4062414918433361
p35019,0.00012583411061602173,0.00019436057289037932,4.4860113658766137e-07,0.559189728608525,1.085708019287543e-08,0.002426508439536668,1.3453114720602958e-05,0.056710751111369945,0.38133890458412467
p35057,7.809882030787925e-05,0.00012135350364994936,2.7349884206421864e-07,0.6417178325332513,6.641287748372363e-09,0.005162710302921584,8.698169028658864e-06,0.0371473213493779,0.3157637051813329
p35029,1.2047056075045549e-05,4.282920005260247e-05,4.897829894884128e-08,0.7298281389050173,1.150485399207661e-09,0.012731749792427801,3.6485353423875006e-06,0.004895834182898051,0.2524857021994027
p35031,4.337055149289975e-05,3.967736397505371e-05,1.3323813864289813e-07,0.864419964507146,3.4062807101674243e-09,0.025219990935876384,2.634369107053866e-06,0.02145163947186494,0.08882258615611821
p35039,0.00012210526340649042,8.290581939388019e-05,3.6557297255838873e-07,0.8040814864201163,9.526637298676392e-09,0.008056341321926853,5.006817523345471e-06,0.05697470756817022,0.13067707168985285
p35025,0.00012857402850354968,0.0005287494686441018,5.608733399334601e-07,0.2844613661419642,1.2994050115148132e-08,0.0011231186552479954,4.5657421884125664e-05,0.023653860543541447,0.6900580998728246
p35005,7.528734833158684e-05,0.0002225583354166838,3.164906209170373e-07,0.4277522356447576,7.413727908065555e-09,0.0018013030840908235,1.8730129829598446e-05,0.023181631897334826,0.54694792965589
p35049,0.00011177909548432951,0.0001197428670044433,3.619638006471266e-07,0.7037425604839994,9.021027003674246e-09,0.005757552529250219,7.83906642118022e-06,0.056703904857779916,0.23355625011523298
p35037,0.00022096992051881618,0.0003387194037255998,8.061724397778988e-07,0.4280301332979257,1.9429026225643797e-08,0.001017665199401791,2.245312910768459e-05,0.08728072640917185,0.48308850703868256
p35001,7.066929561696526e-05,8.72880944381109e-05,2.3281398842582527e-07,0.7471161995153559,5.759260002749214e-09,0.009489332007428476,6.021111420690423e-06,0.03568267718660429,0.2075475742158871
p35051,2.4437369073390956e-05,5.90994745430097e-05,9.329593658239972e-08,0.7347966260492658,2.216405346149629e-09,0.011272886152371868,5.096971339296575e-06,0.010663662161212863,0.24317809630985185
p35061,5.7635966329838955e-05,8.050714987462234e-05,1.9428724733852052e-07,0.742273480180816,4.766809808830526e-09,0.0103908205076299,5.759233520294493e-06,0.02873442557464673,0.2184571723331254
p46099,0.09565938222437426,0.0012334195905777737,0.0001825052491728805,0.059806665695074424,6.7797358816725515e-06,4.278559268951038e-05,0.00016381498917040455,0.8384980673114596,0.004406579611599556
p46067,0.05519125243020664,0.0010434082274557955,0.00011423112786288182,0.09482534141106866,3.997167387949489e-06,6.402810877375472e-05,0.00011652270537844216,0.8428553574917081,0.005785861330157656
p46101,0.11027495045875674,0.0010595760084853982,0.0001868263459929392,0.056784066880008165,7.485289236493935e-06,4.25719443209832e-05,0.00015345062081069684,0.8281818768287054,0.003309195623683165
p46043,0.04137702438251901,0.0007899464384854658,8.188998816865529e-05,0.12696286339118162,2.9171703629407208e-06,8.542712413595029e-05,8.408613492746211e-05,0.8251813224590526,0.005434522911166023
p46039,0.12031618601823225,0.0006952687226336049,0.000170600134491464,0.057038373178149825,8.137534894090058e-06,4.72818095615752e-05,0.00011911235816378955,0.8197737439184549,0.0018312963254185726
p46025,0.0719227362871227,0.0004592989992045397,0.00010132648730236687,0.09689864774889795,4.93660228068644e-06,8.136056784367552e-05,7.248073381838271e-05,0.8287458612867646,0.0017133512867650936
p46097,0.07052860519009214,0.000750038693786199,0.00011756685898517787,0.09156789124735723,4.735112229777294e-06,6.783060888061107e-05,9.984226660516932e-05,0.8335333362751243,0.003330153746939428
p46073,0.04180541588627371,0.0004871472413336282,6.8085147974136e-05,0.14796586786133667,2.785932075389893e-06,0.00010889089303550676,5.9602641156031515e-05,0.8063914712454088,0.003110733151406016
p46087,0.07331205632797777,0.000990436599745797,0.0001368023649997446,0.08022885029197199,5.108769342389355e-06,5.686918234760086e-05,0.00012584418910768547,0.840727120482112,0.004416911792394824
p46081,0.002191726918175912,3.526229869370515e-05,3.311632300664654e-06,0.5250949712442251,1.4965575230350543e-07,0.000928023795021419,3.1424037963941397e-06,0.470158415600872,0.0015849964511624537
p46137,0.007721731995470711,7.175965931947153e-05,1.042791459876257e-05,0.3950059071964083,5.230716973461893e-07,0.00040689956700182105,8.267746604496264e-06,0.5956588861902494,0.0011155966586497855
p46015,0.03056524791497645,0.0004828051835300263,5.384184932846023e-05,0.1783556710900258,2.0622967570097008e-06,0.0001237980962490801,5.210710632925359e-05,0.7863710991434975,0.003993367319306538
p46119,0.018559086052624844,0.00017373070512829002,2.6908096147595765e-05,0.2731562550989141,1.2726847015836893e-06,0.000220431665301247,2.144015912991339e-05,0.7062034363333536,0.0016374392046990206
p46129,0.022665653798151317,0.0001323527196686663,2.792440786012299e-05,0.2223733137582824,1.5402941266375729e-06,0.00024201222884849427,1.9452296742227547e-05,0.753542501561075,0.0009952489352449804
p46077,0.07876237598940555,0.0006523523005200362,0.00012063563750135395,0.0873431342763664,5.2438208895078254e-06,6.765381208632372e-05,9.466812599067556e-05,0.8304317618744529,0.0025221741627873898
p46055,0.007005789980341851,9.731923081769218e-05,1.0764077695601027e-05,0.4377485927911322,4.7152345662687857e-07,0.00032218104407660976,9.821936757892316e-06,0.5530269743325458,0.0017780850831757816
p46061,0.05983213244916685,0.0008489856454210557,0.00011013273574870776,0.09856777632919134,4.129513102785586e-06,6.939822583913772e-05,0.00010298548048087249,0.8360734650858014,0.004390994535247744
p46041,0.013101181970866488,9.986020544919822e-05,1.7081158917736326e-05,0.31334159078859725,8.872776304983032e-07,0.00031734159954426516,1.2822524301356471e-05,0.6720110144867764,0.0010982199879166603
p46027,0.06709009717394754,0.0017861046882518099,0.00017447601284110832,0.06125549442557965,5.634173843446005e-06,4.0574165610664866e-05,0.00019414296287218586,0.8612185061384378,0.008234970258615797
p46135,0.058173348753021624,0.0014439504965593646,0.00013995999188408772,0.0763458811177429,4.6058582890441355e-06,5.0600481482988973e-05,0.00015382640911863207,0.8560903838272831,0.007597443064618188
p46013,0.05715568093851311,0.00024683232460348726,6.737196516921064e-05,0.11229940946224685,3.8938086282706e-06,0.0001188712392998245,4.482263767368165e-05,0.8291000535497121,0.0009630640741534365
p46079,0.08911098475662829,0.0009009040786425654,0.00014967176047907366,0.07200104881672696,6.011392712610771e-06,5.366797764076959e-05,0.00012498640584040075,0.8343194274824589,0.003333297328870563
p46085,0.02024574667818378,0.0003050552713833335,3.3793829719791876e-05,0.24525520562565203,1.3495084981946552e-06,0.00017317540047454626,3.2108755483378945e-05,0.7307221687956695,0.0032313961349353065
p46071,0.006072818603877556,0.00012130873171736005,1.0320972247394109e-05,0.44548631591557863,4.04429176069211e-07,0.00029510857965398977,1.0735567325330279e-05,0.5451909229869082,0.002812064213515555
p46033,0.0025144022282350214,5.678619741245405e-05,4.190179171193597e-06,0.5560622659408272,1.6748291198483654e-07,0.0007252342602743541,4.520995531789132e-06,0.4377346988122099,0.002897733903426208
p46005,0.05275051785849508,0.00046626326795437165,7.999719155544157e-05,0.1273499640172524,3.522442273589335e-06,9.847248781760207e-05,6.391565309917474e-05,0.8167943619530804,0.0023929851284720687
p46075,0.012027423005960308,0.00018848626714423558,1.9639402480832563e-05,0.3345311435926438,8.004986047941246e-07,0.00023540554654974017,1.8835659097348644e-05,0.650249376296046,0.002728889731472964
p46021,0.023543489947025046,0.00011448318306926622,2.731098749773513e-05,0.19470737881362193,1.6250143262880384e-06,0.00025917810696496303,1.8297972482470878e-05,0.7805401993041455,0.0007880366708667447
p46063,0.0031737603561796906,2.5174489378052693e-05,3.86123871086816e-06,0.42616963590249757,2.1869543878030744e-07,0.0010019386685908647,2.8827374842827057e-06,0.568959654726438,0.0006628731852820832
p46029,0.09451461576411405,0.0005200756195653725,0.00012989054166178887,0.07353076026167223,6.5242803371441045e-06,6.34627870838584e-05,8.956074003161521e-05,0.8295844910330757,0.0015606189724580097
p46009,0.046141410750324074,0.0012020666931145212,0.00010802850298873892,0.09595198154208762,3.560792932462702e-06,6.333715981486369e-05,0.00012115195434385117,0.8487530654310491,0.007655397173344617
p46007,0.0059219776334663255,0.0001628531625319287,1.1160140683657555e-05,0.3874770333093808,4.0144390901137117e-07,0.0002943753070170947,1.2942591374176863e-05,0.6015227932197017,0.004596463191935287
p46109,0.11343498831276047,0.0003842185357744676,0.00013029951142129229,0.05823877977428082,7.723277488103793e-06,5.998334814529792e-05,8.459947962453107e-05,0.8267282279790044,0.0009311797815004432
p46121,0.010466141128174487,0.0002740237713528752,2.023705526017883e-05,0.3098876684675513,7.179580122692644e-07,0.00020887968032234488,2.3085085633605154e-05,0.6739440428005281,0.0051752040531650376
p46125,0.07254191647105487,0.0013282988017675721,0.00015671613941879763,0.07032835426758291,5.4157867960597834e-06,4.7774483456491414e-05,0.00015745751597651437,0.8494897747652911,0.005944291768655691
